[gd_scene load_steps=7 format=2]

[ext_resource path="res://chasers/hand.tscn" type="PackedScene" id=1]
[ext_resource path="res://Wall.tscn" type="PackedScene" id=2]
[ext_resource path="res://bugz/Player.tscn" type="PackedScene" id=3]
[ext_resource path="res://bugz/Bug.tscn" type="PackedScene" id=4]

[sub_resource type="Shader" id=1]
code = "shader_type canvas_item;

void fragment() {
    COLOR = texture(SCREEN_TEXTURE, SCREEN_UV);
    float avg = (COLOR.r + COLOR.g + COLOR.b) / 3.0;
    COLOR.rgb = vec3(avg);
}"

[sub_resource type="ShaderMaterial" id=2]
shader = SubResource( 1 )

[node name="Spatial" type="Spatial"]

[node name="DirectionalLight" type="DirectionalLight" parent="."]
transform = Transform( 1, 0, 0, 0, 1, 0, 0, 0, 1, 0, 3, 0 )

[node name="StaticBody" parent="." instance=ExtResource( 2 )]
transform = Transform( 10, 0, 0, 0, 1, 0, 0, 0, 10, 13.5739, 6.59321, -2.432 )

[node name="StaticBody2" parent="." instance=ExtResource( 2 )]
transform = Transform( 1, 0, 0, 0, 1, 0, 0, 0, 1, 0.816, 0.737803, 7.207 )

[node name="StaticBody3" parent="." instance=ExtResource( 2 )]
transform = Transform( 1, 0, 0, 0, 1, 0, 0, 0, 1, -4.541, 0.751462, 3.853 )

[node name="CanvasLayer" type="CanvasLayer" parent="."]

[node name="ColorRect" type="ColorRect" parent="CanvasLayer"]
visible = false
material = SubResource( 2 )
margin_right = 1028.0
margin_bottom = 598.0
__meta__ = {
"_edit_use_anchors_": false
}

[node name="Player" parent="." instance=ExtResource( 3 )]
transform = Transform( 1, 0, 0, 0, 1, 0, 0, 0, 1, -0.131786, -0.140578, 26.2248 )

[node name="Camera" type="Camera" parent="."]
transform = Transform( 1, 0, 0, 0, 0.905739, 0.423836, 0, -0.423836, 0.905739, 0, 18.3413, 30.9258 )

[node name="hand" parent="." instance=ExtResource( 1 )]
transform = Transform( 1, 0, 0, 0, 1, 0, 0, 0, 1, 0, 16.2807, -16.8042 )

[node name="insect" parent="." instance=ExtResource( 4 )]
transform = Transform( 1, 0, 0, 0, 1, 0, 0, 0, 1, 30.243, 0, -7.68 )

[node name="insect2" parent="." instance=ExtResource( 4 )]
transform = Transform( 0.467328, 0, 0.884084, 0, 1, 0, -0.884084, 0, 0.467328, 9.39809, 0, 10.45 )

[node name="insect3" parent="." instance=ExtResource( 4 )]
transform = Transform( -0.41161, 0, 0.91136, 0, 1, 0, -0.91136, 0, -0.41161, 9.39809, 0, -6.33834 )

[node name="hand2" parent="." instance=ExtResource( 1 )]
transform = Transform( 1, 0, 0, 0, 1, 0, 0, 0, 1, 35.4822, 16.7496, 19.4029 )

[node name="hand3" parent="." instance=ExtResource( 1 )]
transform = Transform( 1, 0, 0, 0, 1, 0, 0, 0, 1, 26.3677, 16.7496, -25.3216 )
